cam_model: Pinhole
cam_width: 1280
cam_height: 1024
cam_fx: 1302.757873903622
cam_fy: 1303.9995202751336
cam_cx: 661.1381835415543
cam_cy: 490.4090236694192
cam_d0: -0.06491646591899829
cam_d1: 0.11880287964547544
cam_d2: 0.0015586107297732
cam_d3: -0.0012433771314951225