feature_extract_enable : 0
point_filter_num : 1
max_iteration : 10
dense_map_enable : 1
filter_size_surf : 0.5
filter_size_map : 0.5
cube_side_length : 20
debug : 0
grid_size : 40
patch_size : 8
img_enable : 1
lidar_enable : 1
outlier_threshold : 300 # 78 100 156
ncc_en: true
ncc_thre: 0
img_point_cov : 1000 # 1000
laser_point_cov : 0.001 # 0.001
cam_fx: 1302.757873903622
cam_fy: 1303.9995202751336
cam_cx: 661.1381835415543
cam_cy: 490.4090236694192

common:
    lid_topic:  "/livox/lidar"
    imu_topic:  "/livox/imu"

preprocess:
    lidar_type: 1 # Livox Avia LiDAR
    scan_line: 6
    blind: 0.5 # blind x m disable

mapping:
    acc_cov_scale: 100
    gyr_cov_scale: 10000
    fov_degree:    360
    extrinsic_T: [ 0.0, 0.0, 0.0]
    extrinsic_R: [ 1, 0, 0,
                   0, 1, 0,
                   0, 0, 1]

camera:
    # img_topic: /usb_cam/image_raw
    # img_topic:  /camera/image_color
    img_topic: /left_camera/image
    #xiyuan
    Rcl: [-0.0121894, -0.9998773,  0.0098400,
          -0.0188929, -0.0096086, -0.9997753,
           0.9997472, -0.0123725, -0.0187734]
    Pcl: [-0.0344734,  0.0025114,  0.0624806]

    # Rcl: [0.0067656,   -0.999972, -0.00305354,
    #       0.42078822, 0.00561704,   -0.907142,
    #       0.907134,    0.004852,  0.42081463]
    # Pcl: [-0.01377567, -0.09660676, -0.03871368]
    
